viz-id ra dec
2111 350.4963127 0.7941724
3726 349.3467807 0.9790504
4365 349.2454373 0.5126942
5269 349.4966491 1.413576
6905 349.8666593 1.0649432
9945 350.3229289 -0.4433799
11833 349.5571652 0.2729984
12205 350.2777224 0.9648286
13047 349.3829521 0.9720155
13965 349.9806174 -0.2678437
14523 350.8765161 0.8556545
16209 349.597025 1.0036701
16701 349.6929645 1.0395281
17808 350.8686226 -0.0382072
20477 349.2908945 0.7271775
21495 349.15946 -0.3078219
21518 350.2428213 1.4341744
21538 349.3596191 0.9852905
21696 350.6839277 -0.2041413
21713 349.2633565 1.4216342
22846 349.5078156 1.2179963
23107 349.5539898 -0.2095586
23874 349.9319468 1.1587085
23916 350.2855463 0.5417756
23954 350.1125931 -0.3063006
24384 349.8757106 0.0942939
24951 350.5763593 1.4023572
25272 350.0823889 1.0613471
26443 349.5020667 0.7740093
27471 349.7988073 0.5810263
28542 350.2866959 0.4609532
29548 350.0121286 -0.089986
29798 349.0562259 1.4459677
32006 350.3880984 0.7490498
32787 349.6942529 1.2309152
33696 350.7143067 0.2273405
37608 349.9470364 0.7676276
37832 349.2943869 1.0913525
38462 350.0710422 1.4415057
38911 350.7378753 -0.4064278
39874 349.9943615 1.0830165
40741 350.9466824 1.1514671
41956 349.0927014 1.0997103
43056 349.7649271 1.1521681
43876 350.0337893 0.4043878
44427 350.1077303 0.1383601
44531 349.7845014 0.3445108
45476 350.6591574 0.9251505
47568 350.2017297 0.5252108
48030 350.0376163 1.109642
49809 350.3740487 0.4951888
50179 349.3875076 1.068306
50580 349.3388208 0.9063541
51923 350.6508948 1.1244365
52728 350.6512574 -0.2421432
54233 350.2169576 0.6772309
56311 349.278811 0.8025572
57033 349.5611822 0.2729456
57085 350.4116661 0.7937303
57895 350.2563231 0.7835424
59200 350.0417306 0.0842644
59542 350.8369995 1.1614984
59737 349.1565226 0.6268583
59793 350.0436128 -0.0003728
59823 349.3722729 -0.1506796
60411 350.2926385 0.8741216
62850 350.6772073 -0.0084084
63012 349.5743189 -0.4682165
64245 349.8135446 0.9719974
64442 349.033981 -0.3646551
64912 350.0753397 0.2198612
66557 350.4906777 0.857182
67921 349.2048221 0.9234316
68337 349.689031 0.6651734
69854 350.187049 0.2986198
70057 349.6502757 0.0484237
70283 350.3503729 -0.0349803
70674 349.7922162 0.3246275
71391 349.0264477 -0.0250948
71888 350.1581625 0.6691311
72626 350.2801192 0.4105603
73443 349.1408887 0.5454136
74846 349.0432325 0.8616154
76370 350.4901813 1.279798
77426 349.7800949 0.1528782
77706 350.1627072 1.1513281
77780 350.8737649 -0.021981
79108 350.2206467 0.5312577
79385 349.9720671 1.4022908
80559 350.4140351 0.772668
80594 350.1338373 -0.1296102
81853 349.6604165 0.5685017
82811 350.0707575 0.8606424
83068 350.4045979 0.9921609
83101 350.0862233 -0.3523851
83250 350.3363865 1.1894604
83778 350.4770227 0.8868832
84717 350.7542231 0.8655529
85336 349.1739714 0.9834224
86670 349.258856 0.6318022
88460 349.4068531 -0.411486
88825 350.789239 0.5448245
89539 350.0300677 1.4536135
1725 354.9451466 0.7726313
2398 354.4235536 1.0634804
2420 353.6878346 1.2730085
21847 354.7418977 0.2157868
22184 353.3909364 0.9757161
24781 354.7970302 1.0223327
24804 354.2773338 -0.0599901
26152 353.0330718 0.828995
26813 354.443532 0.8191113
28226 353.901427 0.5072629
29857 354.543209 0.1085709
30183 354.4902339 -0.4726672
30470 353.7438272 1.0638557
30824 354.3993038 -0.4017135
30945 354.1542463 0.3254578
32190 354.9461486 0.4606306
32275 354.7300553 0.2898738
32510 354.5724393 -0.3299187
33222 353.9479091 0.5189174
33583 353.8476849 1.4547096
34316 353.6408316 0.8322176
37222 353.8311761 0.4404024
37250 354.1858081 0.7517917
37464 353.9538406 1.030323
39451 354.5485308 0.3540622
40100 354.0824103 0.5515828
40629 353.8565501 -0.3801226
41221 354.8777436 0.065167
41728 354.7624378 0.7118849
42350 353.5567135 -0.1970636
42759 353.119114 -0.4794225
43403 354.210173 0.9276398
46278 353.930628 0.6564076
48206 354.7729407 -0.4450596
48271 354.9577879 -0.3345333
48700 354.1299795 -0.4954439
49643 354.7978189 -0.3132925
53425 353.9193291 1.1790874
53828 353.699872 1.0805215
53868 354.5069296 -0.0843471
54780 354.6409635 1.4553159
55024 353.3536473 -0.4739101
55916 353.7761058 1.0377976
56294 354.024474 0.0549718
56426 354.4797708 0.4295346
56671 354.5458399 0.3612942
56686 354.6944125 0.1312331
57310 354.9720276 -0.3601951
57629 354.5057121 0.1452879
58908 353.7641915 -0.2786778
59276 354.357837 0.3755916
60030 354.6638436 1.0494948
60116 353.6033969 -0.4310176
60919 354.2050812 -0.3832492
62231 353.0249359 1.1186498
62423 353.5521464 -0.4963348
62480 354.7583194 1.0578062
63232 353.7711343 1.4945572
64247 354.4296715 0.0178034
64291 353.303628 -0.4443554
64466 353.767267 -0.169702
64639 354.8632827 1.0584427
64787 354.8992063 -0.3369941
65714 354.4073232 -0.2469242
65756 353.6344685 -0.1847491
66612 354.5384167 0.2265695
67057 353.1800832 0.5048198
68442 353.5395747 0.9878832
68815 354.5448193 0.3613151
69461 353.9203376 0.8150711
70079 353.8234434 0.4737939
70962 353.4142757 1.1133344
72389 353.2403014 1.4192066
72645 353.8051881 0.045978
72799 353.7321022 -0.03758
73714 353.6720995 1.3621708
74086 353.2399377 0.6795777
74767 353.2201176 1.4205831
76543 354.0937745 1.1505576
79014 354.4457675 0.2670646
80171 353.986449 0.1417207
80794 354.5076918 1.3526397
80976 353.5085489 0.5788399
81247 354.2163934 -0.2259885
81730 353.8317739 0.0690603
83136 353.0710611 0.9736007
84348 353.8206488 -0.4021411
85246 353.3607441 -0.3575506
85953 353.4449602 0.6131406
87151 353.5116735 0.8394922
87743 354.8250848 1.4617798
88954 353.6408778 0.8329201
88991 354.2826657 0.211324
89225 354.4337965 0.0352458
89665 353.2324206 0.7108219
89730 353.3068291 0.3510808
