# viz-id ra          dec       z_cosmos             mass_cosmos spec_z
  4769   150.2118473 1.5943874 0.07999999821186066  8.39539     false 
  10852  150.694951  1.9673856 0.07490000128746033  8.74963     false 
  26933  150.026504  2.046018  0.0919               8.2         true  
  52338  149.9191068 2.5421561 0.0706000030040741   8.3         false 
  57824  150.0332065 1.9700456 0.08377061           9.15538     true  
  67524  149.8122526 1.8195853 0.08049999922513962  8.66131     false 
  69467  149.5304835 2.4596792 0.09099999815225601  8.76018     false 
  75388  150.0953542 1.7459822 0.10100000351667404  8.30001     true  
  83743  150.0262369 2.6357667 0.055399999022483826 9.05        true  
