# refnum objname RA Dec Equinox pmRA pmDec offset rot RA_probe1 Dec_probe1 Equinox_probe1 RA_probe2 Dec_probe2 Equinox_probe2 pm_epoch
0 UDGdw1859m6402-offset1 18:58:29.71 -64:00:03.40 2000.0 0.0 0.0 -62.5 HRZ 0.0 0.0 0.0 0.0 0.0 0.0 0.0
1 UDGdw1859m6402-offset2 19:00:11.29 -64:03:01.35 2000.0 0.0 0.0 -62.5 HRZ 0.0 0.0 0.0 0.0 0.0 0.0 0.0
2 UDGdw1859m6402 18:59:26.52 -64:02:22.56 2000.0 0.0 0.0 -62.5 HRZ 0.0 0.0 0.0 0.0 0.0 0.0 0.0
3 UDGdw1903m6405-offset1 19:03:41.58 -64:07:21.53 2000.0 0.0 0.0 -62.5 HRZ 0.0 0.0 0.0 0.0 0.0 0.0 0.0
4 UDGdw1903m6405-offset2 19:04:00.24 -64:04:28.67 2000.0 0.0 0.0 -62.5 HRZ 0.0 0.0 0.0 0.0 0.0 0.0 0.0
5 UDGdw1903m6405 19:03:39.50 -64:05:54.60 2000.0 0.0 0.0 -62.5 HRZ 0.0 0.0 0.0 0.0 0.0 0.0 0.0
6 UDGdw1912m6432-offset1 19:12:13.31 -64:33:47.66 2000.0 0.0 0.0 -62.5 HRZ 0.0 0.0 0.0 0.0 0.0 0.0 0.0
7 UDGdw1912m6432-offset2 19:12:08.20 -64:34:18.71 2000.0 0.0 0.0 -62.5 HRZ 0.0 0.0 0.0 0.0 0.0 0.0 0.0
8 UDGdw1912m6432 19:12:22.87 -64:32:30.84 2000.0 0.0 0.0 -14.5 EQU 0.0 0.0 0.0 0.0 0.0 0.0 0.0
9 UDG40777-offset1 22:29:13.61 -1:12:39.24 2000.0 0.0 0.0 -62.5 HRZ 0.0 0.0 0.0 0.0 0.0 0.0 0.0
10 UDG40777-offset2 22:29:23.52 -1:12:13.68 2000.0 0.0 0.0 -62.5 HRZ 0.0 0.0 0.0 0.0 0.0 0.0 0.0
11 UDG40777 22:29:13.83 -1:12:55.01 2000.0 0.0 0.0 -62.5 HRZ 0.0 0.0 0.0 0.0 0.0 0.0 0.0
12 UDG82230-offset1 22:40:39.98 3:10:05.52 2000.0 0.0 0.0 -62.5 HRZ 0.0 0.0 0.0 0.0 0.0 0.0 0.0
13 UDG82230-offset2 22:40:48.55 3:09:15.84 2000.0 0.0 0.0 -62.5 HRZ 0.0 0.0 0.0 0.0 0.0 0.0 0.0
14 UDG82230 22:40:41.81 3:10:40.62 2000.0 0.0 0.0 -62.5 HRZ 0.0 0.0 0.0 0.0 0.0 0.0 0.0
15 UDG79982-offset1 23:04:57.98 1:49:20.64 2000.0 0.0 0.0 -62.5 HRZ 0.0 0.0 0.0 0.0 0.0 0.0 0.0
16 UDG79982-offset2 23:04:53.54 1:52:08.04 2000.0 0.0 0.0 -62.5 HRZ 0.0 0.0 0.0 0.0 0.0 0.0 0.0
17 UDG79982 23:04:59.65 1:50:02.18 2000.0 0.0 0.0 79.5 EQU 0.0 0.0 0.0 0.0 0.0 0.0 0.0
18 UDG21534-offset1 23:21:28.92 0:28:58.44 2000.0 0.0 0.0 -62.5 HRZ 0.0 0.0 0.0 0.0 0.0 0.0 0.0
19 UDG21534-offset2 23:21:31.20 0:28:25.32 2000.0 0.0 0.0 -62.5 HRZ 0.0 0.0 0.0 0.0 0.0 0.0 0.0
20 UDG21534 23:21:26.01 0:27:53.79 2000.0 0.0 0.0 -62.5 HRZ 0.0 0.0 0.0 0.0 0.0 0.0 0.0
21 UDG75212-offset1 2:09:10.85 -6:17:54.24 2000.0 0.0 0.0 -62.5 HRZ 0.0 0.0 0.0 0.0 0.0 0.0 0.0
22 UDG75212-offset2 2:09:01.27 -6:18:44.28 2000.0 0.0 0.0 -62.5 HRZ 0.0 0.0 0.0 0.0 0.0 0.0 0.0
23 UDG75212 2:09:05.52 -6:18:26.54 2000.0 0.0 0.0 -62.5 HRZ 0.0 0.0 0.0 0.0 0.0 0.0 0.0
24 UDG75570-offset1g 2:11:11.04 -2:58:17.40 2000.0 0.0 0.0 -62.5 HRZ 0.0 0.0 0.0 0.0 0.0 0.0 0.0
25 UDG75570-offset2 2:11:10.39 -3:01:11.64 2000.0 0.0 0.0 -62.5 HRZ 0.0 0.0 0.0 0.0 0.0 0.0 0.0
26 UDG75570 2:11:04.65 -2:59:02.04 2000.0 0.0 0.0 -62.5 HRZ 0.0 0.0 0.0 0.0 0.0 0.0 0.0
27 UDG45406-offset1 2:21:24.86 -5:22:00.12 2000.0 0.0 0.0 -62.5 HRZ 0.0 0.0 0.0 0.0 0.0 0.0 0.0
28 UDG45406-offset2 2:21:17.38 -5:21:22.68 2000.0 0.0 0.0 -62.5 HRZ 0.0 0.0 0.0 0.0 0.0 0.0 0.0
29 UDG45406 2:21:23.96 -5:21:32.17 2000.0 0.0 0.0 -62.5 HRZ 0.0 0.0 0.0 0.0 0.0 0.0 0.0
30 UDG86749 2:21:38.09 -5:26:31.01 2000.0 0.0 0.0 68.5 EQU 0.0 0.0 0.0 0.0 0.0 0.0 0.0
31 UDG86749-offset1 2:21:49.22 -5:26:43.80 2000.0 0.0 0.0 -62.5 HRZ 0.0 0.0 0.0 0.0 0.0 0.0 0.0
32 UDG86749-offset2 2:21:30.19 -5:28:21.72 2000.0 0.0 0.0 -62.5 HRZ 0.0 0.0 0.0 0.0 0.0 0.0 0.0