viz-id ra dec
845 146.191102 -0.2419285
931 187.668276 0.7457892
1044 33.0692101 -1.9355515
1215 237.9588061 44.2447618
1336 140.8271381 1.5400332
1585 151.5985591 -1.58277
1853 128.8510928 -1.6273562
1915 236.7716315 42.0681629
2030 209.760146 0.1800245
2071 225.2647408 0.4846544
2456 216.6759841 1.075354
2479 224.6819972 44.4347828
2510 36.183798 -1.7436156
2833 224.936489 43.261311
2896 32.9308542 -2.6960835
3127 338.0626604 -0.0638832
3355 209.7906064 0.268712
3880 355.4492642 -1.3738558
4032 350.2807156 1.4018211
4188 355.085029 -0.1462085
4221 30.0980674 -1.4120926
4363 176.3969337 -1.8543287
4495 136.012838 3.6234204
4509 334.2684072 3.4156213
4785 213.6215056 44.5461978
4798 187.7942534 0.7947892
4825 334.1251639 3.3505597
4890 38.6561472 -4.3341185
5051 150.4133053 -0.1191215
5087 34.4208311 -4.1671737
5282 208.3927713 0.0437916
5420 30.7562544 -2.9322754
5436 211.4672309 -0.322666
5741 330.6246276 2.3763177
6020 182.6151234 0.3754714
6596 332.9626476 2.4711949
6675 30.2754303 -1.3742687
6795 128.7701689 -1.9641904
6830 38.96065 -6.0460869
6905 349.8666593 1.0649432
6925 136.0306226 3.7067114
7016 238.5183391 42.1270214
7093 176.2700727 -1.8036074
8418 248.9149469 42.4731404
8759 220.6403738 0.8633813
8919 207.8073611 0.3711265
9519 237.2871973 42.0144675
10666 151.6123305 -1.5607194
11168 340.0325552 2.892097
11287 250.3614156 42.6152683
11607 359.048809 -0.2997508
11660 150.1335405 0.4913382
11959 128.821372 -1.6477051
12208 2.0386046 -0.8796212
12238 237.2114072 42.8147505
12315 221.0535854 -0.0659884
12378 153.2904508 -0.7734453
12512 223.5403992 42.3926619
12599 3.0335566 -0.0352569
12676 151.3972665 -1.6576345
12740 249.2733357 44.3851643
12814 355.085259 -0.1464083
13490 220.9903086 0.0838347
13504 359.0432939 -1.2860525
13578 152.0322086 0.1990487
13672 348.013605 -1.5231497
14037 247.0151477 42.7283857
14216 28.9578801 -2.569023
14961 37.6178024 -4.6015542
15224 149.994928 1.1468805
15290 31.4358707 -1.6535175
15381 176.3688281 -1.7828649
15401 137.7379873 -1.6240627
15829 218.0757375 0.8366652
16048 237.926016 43.7211345
16617 131.687802 2.589298
16960 222.5111053 0.5625409
17141 150.055139 0.5430206
17188 339.2766948 1.6207301
17353 189.8480657 0.5123339
17354 338.5564715 3.6202481
17859 236.0124743 43.5637075
17869 350.1549052 1.4283487
18077 128.8247303 -1.9937914
18986 340.5654308 -1.4865748
18988 153.3512285 -0.7582041
19010 249.0921436 44.3942771
19313 207.9773813 1.9122402
19656 220.7369959 0.2805017
19853 150.3144843 0.3667367
19864 332.7492147 1.9328608
19965 131.9197024 2.5007516
20181 341.8600932 0.36369
20340 181.2700692 1.7483239
20582 231.5947758 42.3539626
20680 330.8205791 2.4860694
20759 176.6397938 -1.8824642
21232 150.0273252 0.7044795
21244 18.7538758 1.8719104
21383 351.1659964 1.4693333
21384 187.7092725 0.4996946
21501 247.1299129 42.8560702
21531 245.7145629 43.7262065
21534 350.35837 0.4649426
21705 211.8246848 -1.5034928
22086 150.1816206 -1.6186495
22186 179.1243583 1.0728205
22261 128.7726667 -1.7192981
22379 136.0129922 3.6234637
22450 176.3488131 -1.9340071
22494 37.7373152 -4.5493254
22727 250.2900354 42.6818402
22792 247.1858137 42.6654358
23004 135.5864518 3.359657
23177 189.5910245 0.2761459
23248 148.7804352 0.6188632
23452 180.7112991 -0.2678775
23454 28.9591801 -2.7962368
23506 187.8791737 0.5539251
23552 249.7154972 42.2106738
23667 33.4583262 -2.23541
23864 128.8573831 -1.7531346
23890 331.8641917 -0.1272639
24267 239.0218835 42.178019
24356 235.8785202 43.9031628
24397 30.0203046 -1.371613
24441 181.1419963 1.8618806
24653 152.8763302 0.0590588
24755 150.0856822 0.5935619
24849 354.9096145 0.0223598
25205 220.6865128 1.3641857
25644 179.6654317 -1.5442284
25767 358.3242362 0.4670801
25949 128.9947195 -1.9771523
26053 147.8630292 1.1721012
27158 234.9151773 44.4177209
27321 356.1021237 0.248896
27721 236.5255812 43.6689479
27792 153.3046973 -0.76197
27799 217.7986521 1.2353161
28438 217.842635 1.1611016
29123 132.9256924 3.0994927
29144 356.050831 0.5916174
29501 335.1944324 -1.1235166
29631 334.2098052 3.4232787
29725 235.8781876 43.8751051
29739 246.8140545 42.6135702
29860 239.1857194 42.0526799
30282 181.3117058 1.7681872
31162 249.7155866 42.2111852
31282 212.3379584 -1.8829271
31337 2.4250156 -1.469555
32188 182.8155589 1.0632747
32202 187.7088949 0.4976981
32283 154.4599292 -0.4671961
32512 237.94914 44.1736333
32660 217.4507926 -0.1663617
32786 245.4729374 43.5596217
33007 246.9608114 42.6026543
33179 350.4927788 1.5447958
33209 356.2150513 0.5347469
33215 28.9514575 -2.6180384
33327 336.7015595 3.5618856
33394 217.4791213 -0.1297751
33448 30.4857782 -2.8184864
34026 237.3087502 42.0798293
34311 131.7845692 2.5257379
34340 186.4216006 -2.3956632
34421 236.6785115 43.3608896
34727 151.9459388 0.286233
35129 176.7483324 -1.8969284
35185 346.9569884 -0.7927455
35187 128.923493 1.5191539
35213 181.3119232 1.7674113
35220 34.5144192 -4.3059998
35522 130.0504642 0.0665914
35773 210.943121 -2.1932899
35775 181.3104964 1.7675401
35803 235.7365691 44.0068338
36359 209.0993934 -0.1308648
36454 244.3703013 43.5033358
36551 153.3049173 -0.7618322
36902 249.27316 44.3851927
37175 331.7624661 -0.6211574
37424 189.8763873 0.3290996
38086 211.8484571 -1.5866385
38406 128.6695526 -1.8809535
38470 32.830342 -2.2438775
38865 222.516489 0.4057269
39330 32.8556067 -2.2226501
39584 249.0314623 44.3817461
40485 358.4975099 0.454222
40671 189.787954 0.1451978
40777 337.3076356 -1.2152801
40800 223.4682973 42.3399232
40862 239.1988433 42.3496351
40955 236.7330616 43.3536089
41724 36.0002637 -4.155458
41778 176.1998694 -1.9387737
41866 247.9843178 42.7572442
41870 340.9749917 3.4150077
42647 141.5698514 2.0749047
43096 214.8734593 44.2981305
43729 333.6975932 2.0866666
43741 182.5994417 0.8922457
44143 332.9067836 0.0353386
44454 152.6265662 -2.0476198
44647 137.6612718 2.9286251
44841 31.1067459 -2.4864666
44926 131.7773186 1.3287353
45466 37.5217223 -4.7502603
45574 189.7876863 0.1422706
45641 244.0894166 42.3833232
45970 209.7128998 0.347501
46914 236.247371 43.5194985
47360 182.5001336 0.6572644
47488 148.9661062 -1.8490858
47559 235.8386923 43.8990532
47793 237.9603132 44.2446115
47949 151.6719826 -1.9107619
48263 211.131447 -0.6976734
48459 236.1856223 43.4574845
48497 222.5483937 0.5137629
48544 349.5518132 0.2170544
48620 349.1290226 2.8331275
48686 176.2350801 -1.7849073
48725 349.8693336 1.3972572
48862 336.6325638 3.6522821
49035 248.0310943 42.6951229
49055 216.9353041 -0.9180076
49148 133.9584554 -2.1903826
49173 154.3311134 -0.4459286
49629 152.6112837 -2.0537877
49740 30.4855515 -2.5331265
49813 348.1303359 -1.2106582
50229 335.4137 6.9220183
50255 237.4300471 41.8719162
50760 340.1747682 3.1774793
50986 18.8097316 1.9317577
51087 220.6929037 0.2664432
51094 354.4399628 -0.4228657
51113 35.9925196 -6.7617164
51134 141.5098263 2.1061201
51149 130.6523407 -0.5812324
51341 149.5314403 1.6786744
51434 246.961691 42.6174894
51667 214.5833531 0.8662071
51695 211.1798187 -0.6363277
51815 224.1356637 -2.1417639
51967 18.9341818 0.1534645
52049 222.5034358 0.5482781
52276 179.8301879 -1.692116
52367 188.3240737 0.7395275
52381 242.0924343 43.00339
52453 355.9810779 2.7691163
52610 358.9174745 -1.2230839
52662 28.7011698 -2.700348
52853 151.4278221 -1.5075206
52901 339.8143372 3.180133
52915 153.3371704 -0.742752
52929 332.9704222 2.5129042
53048 233.4724378 43.5678109
54066 30.2846955 -1.3110276
54593 181.8924782 -0.6302796
54980 129.0641708 -1.8841501
55031 249.3577687 44.3971585
55075 133.2354561 3.155521
55121 330.7335481 2.542297
55220 150.4081097 0.204474
55341 343.9472881 2.1331672
55342 179.7553824 -1.8056669
55420 332.8875938 0.0589739
55610 236.5364551 44.2844085
55799 129.0420488 -1.9684373
56173 152.8761589 0.059004
56244 175.047269 -0.8938378
56777 136.0307161 3.7067695
56929 145.5017252 1.3973131
57382 358.5460729 0.3297853
57749 28.5962243 -2.676127
57805 349.4382949 -1.2779573
57828 350.2011035 1.198438
57882 340.995002 3.4414673
57944 340.0320464 2.8557381
58094 151.4273171 2.7916247
58285 149.0454158 1.5260893
58901 355.084834 -0.1453768
59012 20.770482 -0.696877
59510 149.4032465 1.753037
59939 154.4511106 -0.4881878
60199 349.6590957 -1.109922
60229 36.9954496 -5.7796843
60295 128.7721518 -1.7188756
60310 38.0827163 -1.5049501
60444 223.381323 42.4869583
60446 152.9702507 -0.0109429
60687 331.4404724 5.4189255
60721 18.6993305 2.0122467
60737 130.9254134 2.7315161
60783 348.1586457 -0.1090137
62008 246.7199285 42.6360878
62121 129.0886275 -1.8818848
62214 134.4607617 -0.2231323
62361 210.0423638 -0.9466036
62470 134.6100278 0.0059503
62554 216.8409559 1.1524312
62697 137.8249766 2.9211502
62721 237.8911011 44.1908434
62772 219.4322777 0.2696859
62811 30.7115 -2.8183024
62975 358.3953652 -0.7940742
62994 350.0217716 -0.9216679
63012 349.5743189 -0.4682165
63077 331.0640488 -0.0127908
63085 154.3970654 -0.4232592
63152 245.5159748 43.4715216
63264 33.3147385 -3.0913053
63430 349.6953481 0.3481734
63988 147.2914653 1.0873331
64077 355.084723 -0.1452581
64482 331.95692 -0.2339012
64638 249.1150584 44.6158209
64654 216.876694 -0.8971468
64670 31.498244 -1.685337
64758 217.4517715 -0.1653545
64791 333.6949972 1.0730374
64839 20.9390541 -0.6135949
64915 348.1212601 2.837336
65044 180.7708576 1.2757324
65450 233.0311163 42.2290559
65591 150.5290461 0.3492273
66325 358.8183938 -1.1378885
66329 358.8031585 0.5845489
66442 208.3397827 0.4421742
66707 330.8752473 2.4974337
66772 246.8198635 42.6525025
67784 209.8266774 0.1846371
67999 350.2719547 1.5303899
68036 236.3204823 43.3264328
68701 342.8938587 0.4276269
69025 331.9978728 7.0893678
69128 236.3532915 43.3021108
69385 340.7625377 3.42571
69456 129.6686286 -1.9065278
69525 187.9174988 0.4979351
69656 239.1990614 42.2684883
69777 235.8366044 44.0824992
70143 128.6115165 0.1589894
70152 181.3090802 1.7682579
70352 350.303724 1.394844
71283 357.6228857 1.2414849
71309 176.6090839 -1.9679235
72224 218.0710346 -1.1645702
72306 218.8602529 -0.1392529
72329 30.3640709 -1.3161382
73111 341.8840446 0.3969905
73761 333.7805989 1.7841616
73872 239.1153354 41.8334714
74365 340.9943582 3.4417457
74665 135.5305964 3.3671592
74709 350.0578716 1.4985529
74844 131.5280492 2.501334
74926 236.5515589 44.3011158
75272 245.4512377 43.4721638
75879 151.4255474 0.4766238
76038 235.9675626 43.8016756
76929 30.2469468 -1.3590688
77233 128.6988411 -1.7857904
77453 216.7428564 -0.8505017
78256 236.2602819 42.4834161
78532 358.7992048 -1.4016519
78669 221.9593494 1.047229
78735 249.2816143 44.387723
78916 135.6377767 3.4223099
78918 131.0154627 -0.6007477
78957 179.275813 1.1006859
79056 350.2807349 1.4006702
79111 189.6942214 0.5020817
79133 356.7315422 -0.6967246
79706 235.7264079 44.0870932
80065 236.1270882 43.4244166
80714 354.3405365 -0.3416503
80769 249.6394793 42.0435916
80846 330.6501542 2.5373228
81294 220.737133 0.2800635
81839 180.5271986 -0.1862331
82340 211.2652064 -0.6982816
82489 235.7267197 44.0886878
82983 30.0011521 -1.3527772
83175 39.6883459 -6.8994027
83241 245.7854481 43.2157525
83473 331.0667066 4.6234717
83554 28.7151455 -2.6568011
83788 151.4123676 0.7503009
84101 153.3370736 -0.7436549
84571 228.3200814 43.2184688
85078 182.2421035 -2.3248711
85131 131.8358392 2.4439298
85304 332.9071752 0.036077
85314 224.6789875 43.2641487
85545 237.529755 42.0381702
85662 358.817552 -1.1373842
85715 210.6275057 -1.4294535
85803 244.6568309 42.1196687
85963 37.683083 -4.6020238
86056 149.0005015 1.4076689
86391 186.4220542 -2.3961654
86966 37.6185167 -4.774136
87757 37.5447321 -4.5565583
88157 245.7934255 43.6930562
88425 176.7481483 -1.8969051
88549 190.0052801 0.2423987
88587 221.2180308 0.3856692
88832 18.6619383 1.5904875
88937 226.3662418 42.7133192
89028 237.5614275 41.9401325
89144 334.1663531 3.5038133
89172 148.549505 0.658399
89269 133.9008712 -2.237627
89602 209.7317224 0.235113
90177 17.1307766 2.1468771
90517 241.1596481 42.5387337
