id ra dec redshift
296216 149.63458645739482 1.748167461843215 0.025399999999999923
300546 149.75572080967447 1.744656620273846 0.12360000000000022
303245 149.7246025406219 1.7472114301584376 0.06930000000000028
303402 149.50047150323638 1.7477419929617355 0.3229999999999988
303567 149.61816332141996 1.7479103963288583 0.5183999999999988
303753 149.66060258113865 1.749097807133011 0.2255999999999988
305521 149.65425086832505 1.7512316375762587 0.24189999999999884
305742 149.7819573762995 1.7502054659313724 0.21979999999999883
306977 149.6672793749011 1.751303620229397 0.12259999999999997
307255 149.83940296344718 1.7548136912801187 0.12310000000000025
307535 149.52303482684383 1.7542690001318189 0.6141999999999987
308273 149.736873186435 1.7525096145667507 0.12430000000000026
308776 149.6033437276152 1.7567973991758006 0.4212999999999988
309523 149.8413194860062 1.7541386708064348 0.12319999999999996
310737 149.77587470665733 1.7586237065479962 0.12630000000000025
310781 149.7215735237826 1.7595518831128991 0.10800000000000026
311254 149.8270230672843 1.7586086926059794 1.1004999999999987
311384 149.61090903691027 1.7602515444450344 0.5701999999999987
312404 149.7134675773948 1.7612906284335927 0.5868945376274677
313798 149.83296527461704 1.7633299529429531 0.20239999999999994
314062 149.48952455335046 1.764803016171084 0.12700000000000025
314191 149.51746847454808 1.7640656871725036 0.13210000000000027
314374 149.5386042815573 1.764889740505356 0.5470999999999998
314932 149.67212845895563 1.7641085963964327 0.22609999999999994
315778 149.85185561771127 1.7639278397176217 0.1745999999999988
316511 149.61429387533897 1.766270452602719 0.09990000000000027
316534 149.777920850292 1.766550599664485 0.20299999999999882
316608 149.7087177613212 1.7717658840630488 0.03209999999999992
316653 149.53235649133353 1.7676151471292179 0.12720000000000026
316677 149.59828874477836 1.7689266792408975 0.35549999999999876
317215 149.6963974865084 1.7707232169564946 0.3615999999999988
317448 149.6792992810152 1.767040945894288 0.1908999999999988
317630 149.7650885945548 1.7702098290886514 0.14239999999999883
317759 149.69849619604403 1.7707072729605078 0.22089999999999882
318923 149.82106053055307 1.7692882887107182 0.12610000000000024
319604 149.74444430938368 1.7736209149600748 0.12199999999999996
320606 149.77129658241606 1.7742713059517778 0.3645700137951353
320760 149.79947790754886 1.7733898103754262 0.12570000000000026
322363 149.6376068337596 1.777692789604608 0.37203631853795804
322934 149.64205709197267 1.7779795278176143 0.3552999999999988
323213 149.71073661100303 1.7769537151242192 0.2201999999999988
325552 149.52897877134595 1.7799462330696973 0.12550000000000025
325646 149.61647558511817 1.7830284223396418 0.09990000000000027
325845 149.4979667629909 1.7831188116152874 0.12700000000000025
327124 149.7317661754776 1.7835711018617002 0.46609999999999874
328685 149.68289194253236 1.786498682732222 0.2207999999999988
329169 149.84895082564134 1.7854954953066522 0.3120999999999988
329218 149.74968642079216 1.7868734762024168 0.3399999999999988
332376 149.57459358394155 1.7933584621238488 0.24109999999999993
332613 149.71643205085402 1.7931831382094057 0.6121999999999999
332654 149.87701458794362 1.790542303818289 0.12310000000000025
334066 149.521013133771 1.7960982644932735 0.19619999999999882
336065 149.70610407750326 1.7994970595430628 0.2602999999999999
336224 149.65242601782754 1.799012576485212 0.34229999999999877
336513 149.4825347959977 1.7998119070270773 0.24209999999999882
338073 149.52560043915003 1.8010846171111432 0.5282999999999988
338133 149.70356634114987 1.801809754424053 0.20149999999999993
338192 149.56330768199894 1.8020779978107073 0.2624999999999988
338350 149.55465131726018 1.8024944497123392 0.2501999999999988
338441 149.8642945455559 1.7995270617779686 0.12340000000000025
342194 149.7972435660412 1.807572825089456 0.22024087762731992
342262 149.6263040342639 1.8095786361276607 0.10020000000000027
343693 149.79303235723864 1.8107905346785096 0.20279999999999881
344659 149.86133299005488 1.8123332028352075 0.22009999999999993
345052 149.50678436090269 1.8139473707993623 0.4317999999999988
346069 149.64028324077825 1.81536398123823 0.2210999999999988
346133 149.49426304103488 1.8141107785484534 0.15269999999999884
346788 149.55820061040484 1.8164506753387544 0.22149999999999884
347768 149.81442573784057 1.8162062278292963 0.12298631822583166
348535 149.54456726280205 1.81867331586431 0.20119999999999882
349181 149.81231954267085 1.8196259599943139 0.07910000000000027
353386 149.57752592292726 1.824912032427471 0.16429999999999995
359668 149.88838782045445 1.8342655126838923 0.12530000000000024
362530 149.76773793869268 1.838504905155374 0.09960000000000027
364326 149.66926872316722 1.8443482961773736 0.35089999999999877
365520 149.56155862823238 1.8446255929184279 0.12540000000000026
365531 149.60844755367475 1.8436045943238129 0.08760000000000026
368880 149.72845313615608 1.8477400665412511 0.20739999999999884
369610 150.15977017063415 1.852842477190815 0.4731999999999988
369837 150.15708028608046 1.8532105630004405 0.3468999999999988
369948 149.90107296002046 1.8507393494571092 0.10690000000000026
370629 150.30019848470027 1.8535597508539714 0.21828041753561145
371677 150.2827653707194 1.855625819437722 0.5273999999999988
373229 150.30212678322164 1.8550229216046512 0.12450000000000025
373621 149.58403843150776 1.8596101035334722 0.5448999999999987
373942 149.69242697842796 1.8593212031818571 0.12360000000000025
374162 149.87437738187666 1.8609550036060083 0.12520000000000026
374626 149.553091597909 1.8575660099219728 0.44039999999999874
375307 149.73916169643599 1.859563117974973 0.13009999999999997
375636 149.89302604591404 1.859737874200995 0.12450000000000026
377114 149.4797858466571 1.862121375638286 0.09870000000000027
377470 149.85798246202566 1.8638804329143608 0.12490000000000025
377520 150.16987692798736 1.8648381210474663 0.5264999999999987
377888 149.96094811908713 1.8659344577987813 0.07850000000000028
377906 150.19126855111045 1.8641696580439966 0.02711373912715224
378125 150.32016122476801 1.8658569223432224 0.16719999999999882
378466 150.0610261172328 1.8664110386589452 0.16779999999999884
379791 149.82421341697494 1.8677922595185106 0.12250000000000026
380226 150.1764319206916 1.868667869844953 0.2299782561216126
380778 150.06632759287754 1.8672456772998163 0.21869999999999884
381003 149.81736973916287 1.8692746574873926 0.22949999999999882
382240 149.5140455615468 1.8715093396759088 0.43139999999999873
382986 150.22837804885393 1.8708453342456868 0.2466999999999988
383233 149.51608389720167 1.8736715753789337 0.11500000000000025
383328 149.62955973710015 1.8716453789006675 0.11010000000000027
383730 150.21975911762294 1.872658095205224 0.2297999999999988
384003 149.75492560181826 1.8738928311818857 0.16459999999999883
385038 149.6448168427394 1.8733781548978528 0.2015999999999988
385250 149.96437060584637 1.8767942366337194 0.21969999999999884
386020 150.34925584065684 1.877775701240737 0.5510999999999987
386178 149.8345611082885 1.8754154226492485 0.20509999999999992
386267 149.59368522278177 1.8777030636875267 0.21969999999999884
387202 150.0163333506732 1.8815814215444333 0.06510000000000027
387437 150.1725421463122 1.8783179599877176 0.3342999999999988
387518 150.06857135536052 1.878795242452131 0.21949999999999992
387619 150.19452055034355 1.8799969714873817 0.8029999999999987
387946 150.08634021064543 1.8813702657181046 0.2190999999999988
388352 149.74640694734308 1.8777607854272016 0.34177063496125637
388378 150.14209907201663 1.8812952078437422 0.06434626032429441
388549 150.20431182202137 1.8818315330879591 0.2665999999999999
388949 149.71955776669958 1.8821075950546973 0.24169999999999991
389705 150.0706314651089 1.8829185792474386 0.21949999999999992
390698 150.2376513293195 1.884499473989381 0.18489999999999882
390825 149.51152263159005 1.8828112751649346 0.06960000000000027
390954 149.57990191674918 1.8845615699256795 0.19739999999999885
391065 149.93546800220585 1.884844358723708 0.12421907642476845
391168 150.28025228552656 1.8862596019999793 0.3228999999999988
391704 149.98744116899863 1.8867729756750706 0.2194999999999988
392446 150.23448883164582 1.8860057990498407 0.03779999999999992
392688 149.7808304046282 1.8876312389293415 0.12570000000000026
392848 150.3170083907109 1.887500778208233 0.09940000000000027
392945 150.2130442181808 1.888353436258627 0.37859999999999877
392999 150.2228029805292 1.889759420158068 0.10680000000000027
393754 149.75875086802859 1.889644302594988 0.09890000000000027
393977 150.09972553984102 1.890654054275188 0.18819999999999884
394036 149.59554707431803 1.887077492178357 0.10980000000000027
394592 149.75196925188894 1.889839563372659 0.18559999999999993
394729 149.46403298897172 1.891922973657665 0.9359999999999986
395245 149.50379973633792 1.890752970211546 0.09870000000000027
395729 150.02176126869216 1.8906884930249959 0.12379999999999998
396777 149.47773250092413 1.8944559604519893 0.1745999999999988
398459 150.03926295295125 1.8957363491177261 0.32819999999999877
398718 149.87117893823026 1.8968797931440733 0.13230000000000025
400192 150.1667949819589 1.9013409390775349 0.4198999999999999
400824 149.94574766086717 1.901514803022873 0.5676999999999988
400858 149.98547952628934 1.8984977854040568 0.1859999999999988
401786 149.65842394749177 1.9030548317984874 0.35489999999999877
401988 150.02449345787784 1.9110272884590833 0.006399999999999977
402060 149.97088148341948 1.9007843947316947 0.1856999999999988
403201 149.69669539601475 1.905704926923556 0.3633999999999988
403847 149.71445851571414 1.9034825329835494 0.10990000000000026
404101 150.11033136669778 1.9040253542485739 0.2300999999999988
404782 149.92688888462152 1.907175609207024 0.45627457636958835
405266 149.4884282674319 1.9077869013565747 0.12640000000000023
405514 149.49151871547315 1.906252806607354 0.12420000000000027
406318 149.9249986269743 1.9097884769039115 0.12400000000000026
406799 149.54172009227884 1.9077578438816065 0.20079999999999884
408683 150.3533351406447 1.9135448296519226 0.44019999999999876
408804 149.53480277339523 1.9138424209232738 0.19749999999999884
410283 149.90368551430598 1.916343316828275 0.13279999999999995
410294 150.15282598245963 1.9174521778990263 0.12360000000000025
411626 149.66592532440143 1.917962444602164 0.18169999999999883
414507 149.55050810167336 1.9218343351241838 0.14642798824646674
414570 150.1019007541551 1.9228130425441756 0.22939999999999883
414706 149.66085407982112 1.924279786630826 0.10969999999999998
415027 149.54685455700883 1.9221166475706315 0.12990000000000024
415498 149.5890977431695 1.9283641600179113 0.08710000000000027
416636 149.86659540288346 1.9265996429722556 0.12193887535981544
417023 150.27673543163678 1.9243210153654517 0.22429999999999992
417306 149.76199767294824 1.9262794464457114 0.12280000000000026
418028 149.59785477593286 1.9261148604757699 0.08730000000000028
418285 149.6118551524994 1.9296035170318526 0.3395999999999988
418768 149.59978019947152 1.928743563004409 0.08770000000000026
419144 149.66356140359593 1.929385671920121 0.06540000000000026
419419 150.2077415893842 1.9306100256772019 0.16849999999999885
419767 149.79029639383222 1.9293961627366059 0.04930000000000026
419910 149.72513745041334 1.9338079509179056 0.13200000000000026
420961 150.13275214380158 1.9328088321593253 0.12410000000000056
421084 150.13604066374197 1.9324648559885145 0.2467999999999988
423154 149.8978047082488 1.9350353119705885 0.13249999999999995
423223 149.9595963811265 1.935463811840029 0.2204999999999988
423926 150.34313796100867 1.939955247388271 0.031799999999999926
426471 150.2245351258111 1.941849308324339 0.21639999999999662
426848 150.33338900301715 1.9432564796533773 0.2476999999999988
426883 149.97726726868248 1.9406828238344607 0.0012999999999999314
428374 149.71169984909596 1.9469683981330608 0.12390000000000027
428898 149.52655361177725 1.94633399872698 0.9000999999999987
429222 149.92989212829625 1.946865388154202 0.16879999999999995
429424 150.048028211897 1.9470242587482869 0.24949999999999994
429996 150.21732318688862 1.9465160374187336 0.21769999999999992
430210 149.93913788610416 1.9457562643269508 0.09880000000000026
430978 149.7652495388955 1.9486613503081667 0.12350000000000025
432219 150.07474975404176 1.9501114319233785 0.06875529987765014
432261 149.5232692585344 1.9520156016010763 0.13659999999999886
432554 149.77901171053824 1.9513465666915104 0.6632999999999987
432692 149.74351774961912 1.9577799218886187 0.18789999999999885
433494 150.33778874630895 1.9521242033703803 0.09860000000000027
434548 149.70141624879437 1.952703791252994 0.12390000000000027
434788 149.9994606435022 1.956445150686477 1.2642999999999986
435325 150.2148217513381 1.956500210588567 0.6214999999999987
435392 149.46047606688285 1.9553067689927026 0.3096999999999988
436440 150.24562503907902 1.9585936103754396 0.18073339169608982
436591 150.07813422901435 1.9567469228333263 0.2192999999999988
436676 149.4824247231388 1.957689401106815 0.5753999999999987
436947 149.94898467727342 1.9595860980879494 0.2399999999999988
437200 149.64690216295494 1.9604411428666901 0.4596999999999988
438087 149.85378075688885 1.960818529933625 0.2075999999999988
439180 150.24958500531582 1.9619562240971222 0.07420000000000027
440941 149.54368146030055 1.9657754242148202 0.19729999999999995
441850 149.49822725478583 1.9674864627471922 0.5341999999999999
441993 149.74974838856323 1.9657714705137843 0.2592999999999988
442843 150.29116368054514 1.9681420968631886 0.09240000000000027
443884 150.25454395093126 1.9694110866195669 0.24799999999999994
444402 150.28385173646737 1.9691271222775368 0.08560000000000027
444728 150.252709762913 1.9705136959774558 0.21849999999999883
444803 149.4960376323818 1.9701208394103464 0.09289999999999998
445359 150.29400533903575 1.9713604454523326 0.021029567390829604
445797 150.18115252041224 1.9732772593846661 0.21759999999999882
446055 149.92308101260542 1.9708973341451543 0.2204999999999988
447853 149.83922623246642 1.9798120330358209 0.10860000000000027
448573 150.31130465658356 1.9777869789023534 0.6411712506339216
448850 150.00181829105316 1.9792833690975222 0.2222999999999988
449022 149.57695233430366 1.9786105868933876 0.13659999999999886
449053 149.7688924910577 1.9785597353387423 0.3400999999999988
449345 150.12210039343412 1.9787357729632897 0.12350000000000025
450868 150.35768918520318 1.9811651733897513 0.16639999999999994
451060 150.19916784409776 1.9824276905771845 0.21789999999999882
451446 149.9188183427427 1.9833104602988385 0.3419999999999988
451543 150.32732566088814 1.9820761054486529 0.09000000000000027
452361 149.7077936040829 1.9830294846380843 0.16499999999999881
452472 150.29584037295075 1.983155094504044 0.10450000000000026
452756 149.97984503846638 1.982430489815558 0.21949999999999992
453193 150.05805307243014 1.9860233598203123 0.18659999999999882
454251 149.8103851570887 1.987404080883596 0.5508999999999987
454293 149.68111771973324 1.987220669916944 0.2209999999999988
454917 149.91671127720664 1.986973316856997 0.21979999999999883
455303 149.64120083161313 1.9884983324706422 0.09090000000000027
455676 149.55687193610376 1.9892994035087916 0.24209999999999882
455911 149.84188110754042 1.98957296496736 0.3237999999999988
455941 150.339938564587 1.9893944351551465 0.06130000000000026
455990 150.0424450333842 1.9891188313416377 0.2502999999999988
456005 149.79723211035116 1.98796662177886 0.3489999999999988
456113 149.72969926359482 1.9890913259355978 0.19299999999999884
458062 149.99122776970134 1.9911970738938303 0.07960000000000027
458133 149.95750637612502 1.9938566836452258 0.12379999999999998
458391 149.6176856737431 1.9910457533080608 0.10890000000000026
459945 149.52899668506615 1.9954012462307602 0.5919999999999987
460043 150.10506320404434 1.9946716545668215 0.22289999999999882
460691 150.05115626017727 2.004921069761677 0.10650000000000028
460830 149.62164430578136 1.996463850554216 0.24139999999999995
460870 149.98264506988016 1.9965499675951175 0.10669999999999998
461203 149.47955619634774 1.9982301952239128 0.2195999999999988
462377 149.827630993471 2.000473267764426 0.13240000000000024
462520 150.09529686340386 1.9990738188125952 0.10630000000000027
462743 149.99705102979226 2.000499288310662 -0.0040000000000000625
464142 150.37307296546308 2.0039529785545365 0.3774999999999988
465336 149.4715082051686 2.0027803916399805 0.10920000000000027
465876 149.5377672001599 2.0047570981106557 0.12870000000000026
466083 150.22997916954463 2.0042441714825237 0.12340000000000025
466289 149.85070031493981 2.006111138849115 0.6360999999999987
467520 149.8575402175785 2.008735500416049 0.6367999999999998
467524 149.58480012786498 2.0087686039913915 0.18169999999999994
467568 149.48432779617428 2.009285537550665 0.24849999999999883
468483 149.6931433189309 2.0094774691353443 0.11269999999999997
469033 149.83529921474855 2.010947949549983 0.3492999999999988
469358 150.21951836181518 2.010639935501121 0.1890999999999988
469434 149.60942466389173 2.011419453239567 0.35289999999999877
470012 149.81712438012858 2.0118131280688747 0.3504999999999988
470110 149.61405048806543 2.01123232758984 0.3396999999999988
470698 150.257780765036 2.0125615952247453 0.21889999999999882
471387 150.20165566113562 2.0143938310956395 0.09030000000000027
472317 149.71955755655983 2.0152475611087364 0.2416999999999988
472615 149.67139154118283 2.014611854989718 0.22369999999999882
473937 149.96440085607497 2.0167661244730613 0.16769999999999882
475026 149.82230277423383 2.020494690323159 0.6948999999999987
475317 149.63914746382878 2.021286160681033 0.3790999999999999
475467 149.55873241248375 2.02092269020342 0.5356999999999987
475572 149.636606852941 2.02190114590094 0.24149999999999883
475963 150.18895551160477 2.021812155639287 0.21979999999999883
475977 149.50688876760634 2.022599983521922 0.2555999999999988
476661 150.0806767938791 2.0239277844741386 0.21999999999999884
476931 150.00488015481622 2.0230604205248963 0.22139999999999882
477438 150.00994470081287 2.022917442835963 0.5291999999999987
479326 150.11260311083475 2.0284023138265654 0.22089999999999882
479982 150.1702811557411 2.0276293852957816 0.2207999999999988
480005 149.86147873792478 2.0281189094742866 0.09120000000000027
480102 149.5933555141004 2.029518880784872 0.5039999999999988
480857 149.7216016406104 2.0304031906237525 0.43679999999999874
480908 149.64879631294235 2.0292224830753254 0.2649999999999988
481166 149.73895267366993 2.027189875923773 0.2411999999999988
482505 150.14342218668858 2.0329738843496163 0.24999283354781676
483593 150.21159735223597 2.0317995125029125 0.1856999999999988
484402 149.6050734567079 2.035603284332247 0.2496999999999988
485004 149.49213548308757 2.034335703963047 0.20899999999999994
485100 150.05394800328384 2.033440329982846 0.07860000000000028
485561 150.3506600511035 2.0370960734164667 0.12250000000000026
485893 149.88162802727405 2.03872401458933 0.9785999999999986
485944 150.25976511625166 2.0376466237034063 0.2206999999999988
486190 149.66938560677107 2.0391758853384236 0.49319999999999875
487216 149.73661499509905 2.0402482560561173 0.19619999999999882
488795 149.63039279987612 2.0430302735808064 0.49219999999999875
489808 149.6540263462276 2.0450193827875336 0.11610000000000027
490526 149.78737532415948 2.0449898633798416 0.12430000000000026
490581 149.65217469413855 2.0453196252621297 0.21939999999999882
490668 149.54014822558338 2.0440551602896155 0.08760000000000027
490767 149.75272675573467 2.0447992338114456 0.5320999999999987
492680 149.71368636335578 2.047751615258845 0.09220000000000027
493132 149.50120963359714 2.0477057808774615 0.19419999999999885
493350 150.01281213389166 2.048432957437159 0.07900000000000026
494326 150.32120644269398 2.060315600056798 0.06140000000000026
495242 149.77559859659758 2.0502602022830403 0.09852115145136452
495607 149.87163582853162 2.052787448628562 0.35599999999999876
495619 150.11073784215955 2.049779599402802 0.19409999999999883
495976 149.55419198654766 2.0514918839191933 0.2496999999999988
496372 149.67329181375624 2.0513986258091514 0.5036999999999987
496795 149.70531724917404 2.0549323473479184 0.4732999999999988
498039 149.54687364489007 2.0573558816889728 0.37679999999999875
498331 149.59534821461887 2.056408701296248 0.10030000000000026
498388 149.67899190339324 2.055102556107475 0.23979999999999882
499315 150.18642426609512 2.058078147947249 0.18489999999999884
499629 149.64424585182087 2.0594005530205 0.13030000000000025
499704 150.06080039642427 2.058652727881301 0.18369999999999884
500437 150.32978507003847 2.0594597043578453 0.12280000000000026
500684 149.79343571433492 2.0601014671060875 0.3546999999999988
501427 150.06476538129868 2.0583939255890344 0.18449999999999883
502180 150.31874190706304 2.062419131338382 0.11350000000000025
502304 149.69761643537151 2.0632225748625523 0.21739999999999882
502414 149.60042907582374 2.064266515878596 0.00048271328083774115
502995 149.77386835253049 2.0648691109053994 0.3501999999999988
503048 149.95352529152015 2.0623961071194343 0.16499999999999881
503540 149.83104334932145 2.0651548084895293 0.3112999999999988
504163 149.9662965417687 2.0643495548868076 0.09210000000000028
504723 149.5185073871509 2.064788867801468 0.12570000000000026
505808 149.69056043204347 2.065671221504483 0.2401999999999988
506075 150.17306627297071 2.0711620107188637 0.10600000000000026
506935 149.96812473111115 2.067243040524213 0.07750000000000028
508598 150.24058938255513 2.0696839744238127 0.10500000000000027
509368 150.02392381366087 2.0727252963115905 0.07750000000000057
513372 150.04873495407278 2.0779521301840536 0.07740000000000027
515892 149.98665435508534 2.0828834326920567 0.19949999999999882
516742 149.93062864248046 2.0839239097587443 0.1859999999999988
519086 150.1636662822579 2.0880847173824457 0.22979999999999884
522825 149.9430728821194 2.095466032954637 0.23769999999999883
523541 150.21752752795535 2.096588072998035 0.6208999999999987
523999 150.16092609495513 2.0977557337834174 0.2204999999999988
525418 150.16639106998414 2.097489441433164 0.16739999999999883
528108 149.780058218624 2.1029984030184914 0.10770000000000027
528373 150.18384770925454 2.103916840290322 0.24759999999999882
528530 149.53737967992822 2.104941287432388 0.8902999999999986
528599 150.15867034470128 2.103549946060681 0.10840000000000026
529396 149.70843420959176 2.102164098297352 0.13090000000000024
529453 149.9724096962473 2.105386194217578 0.07780000000000027
529748 149.76822056299468 2.105059470365296 0.18779999999999883
530276 150.3559590787489 2.1056758267870173 0.18739999999999882
530748 150.10130274763307 2.105861915454384 0.21979999999999883
530937 149.73080019023035 2.108890400474369 0.2807999999999988
532843 150.01607074170184 2.1099050125524754 0.12270000000000025
532964 150.0681087170555 2.111918435331499 0.5953999999999998
533284 149.87095220701332 2.108392658964963 0.08059999999999998
535377 149.56516967625313 2.1142577659327966 -1.0
537141 149.8400585628022 2.1156723124483765 0.2162999999999988
537204 149.8314347239536 2.118092759342044 0.13779999999999884
537421 150.23590523228768 2.116135200974745 0.22119999999999884
537517 149.57448761217026 2.1189702316158825 0.3787999999999988
538217 150.07251254770594 2.115289595114983 0.2177999999999988
538389 150.04641288208393 2.118780189739927 0.028299999999999926
538545 150.27936283638536 2.1164219662649484 0.09332607260781359
539517 150.130525796822 2.1310502927225388 0.07840000000000028
540054 150.2724382309987 2.1208374332222206 0.2191999999999988
540815 149.71649827330194 2.122589782940719 0.47719999999999985
541918 149.61164618686183 2.124703420120228 0.22809999999999883
542654 149.97453955831872 2.1260703057177976 0.3900999999999988
542921 149.5455069097553 2.1224867079167495 0.12469999999999996
542967 149.6819508643466 2.1231470060155377 0.12439999999999997
543362 149.67977364945054 2.1271739435263366 0.22009999999999993
544071 149.82900871771585 2.1290153672687353 0.7020999999999987
544424 149.67075835800728 2.1288891180717266 0.22039999999999882
545889 149.66448843483096 2.1317356707918726 0.2018999999999988
546355 150.04414932534058 2.1306205312176214 0.22239999999999882
547440 150.30788067614952 2.133001008970826 0.5116999999999987
547957 150.2893601028368 2.1335138715701194 0.12190000000000026
548003 149.9491320232086 2.134175311643734 0.18599999999999886
548005 149.6668839021576 2.132685223542681 0.33979999999999877
548035 150.2950996654189 2.1343248035515003 0.5717999999999988
548231 149.595749106797 2.134627236980969 0.13050000000000025
549377 149.79572043151424 2.1338783544447026 0.16499999999999881
549549 149.53994115536787 2.137092863363172 0.5931999999999987
549576 149.5928336946204 2.1355483391110486 0.12469999999999996
549722 149.50657317097549 2.135408956413622 0.24599999999999878
550268 150.3497297463447 2.1342131974526657 0.18449999999999883
550871 149.60306168435716 2.13876273368118 0.21429999999999882
550876 149.96987482651863 2.1390660274368853 0.20784873311351082
551285 150.09047299507333 2.1366012935567777 0.15259999999999996
554442 149.60532919683084 2.143172007341277 0.014997215742916948
554718 149.82519539131897 2.1433405611381295 0.16789999999999883
554903 149.90764889640428 2.1443805381197105 0.5817990457352384
555188 149.52219045555913 2.142617077557564 0.09090000000000027
555262 150.21563457643225 2.145289513270375 0.3012999999999988
555751 150.20377323098106 2.144602062439603 0.6005999999999987
555820 150.34678281626125 2.1462345111513517 0.6027999999999988
556116 150.34213137728864 2.145623810901923 0.12200000000000025
557633 150.34497809482312 2.1484185033147805 1.2927999999999986
557741 149.7890440463999 2.1477014245608497 0.1647999999999988
557958 149.5291532371773 2.1474641258393268 0.21969999999999884
558385 149.63248235068102 2.1487525622542507 0.12470000000000026
559464 150.2277196763597 2.150114370343129 0.18919999999999992
559630 149.48086976623313 2.149382331920178 0.16499999999999881
559754 149.8649881990984 2.1519833660748118 0.21979999999999883
559804 149.8945524043061 2.1485935804750547 0.09379999999999998
561140 150.1228529928459 2.153515526659856 0.11780000000000027
561292 150.3393383909303 2.153551927866826 0.4383999999999988
561454 149.55863315452527 2.151794483850666 0.2462999999999988
562361 150.19076604003746 2.1550203084979747 0.12289999999999997
562529 149.48373149641975 2.151957391220406 0.16469999999999882
564212 149.79926266473097 2.1583619187507748 0.11890000000000027
565257 150.02007999376167 2.158672333634465 0.24909999999999882
565897 150.2838837791249 2.1592827039330977 0.11760000000000027
566069 149.91024302095872 2.1619892470994446 0.13340000000000024
566171 150.249589519587 2.160994840144621 0.16739999999999883
566724 149.6916267817913 2.162099256161767 0.23979999999999882
566862 149.60859817365366 2.1629197938768363 1.0309999999999986
567561 149.47672935480836 2.1618154976583828 0.19425085142385679
567929 149.7185996857011 2.1641760976758593 0.14869999999999883
568541 149.8609524003278 2.163768005935892 0.16489999999999994
568578 150.229703217269 2.1640093807260388 0.09070000000000028
568591 149.55658172472639 2.164196286450935 0.6073999999999998
568710 149.64938456108533 2.16523157506242 0.4672999999999999
569219 150.0796538035464 2.1642963620798965 0.1677999999999988
569275 150.25555804132574 2.1646139868510517 0.5246999999999987
569427 150.09712226497376 2.163939747953202 0.2195999999999988
569768 149.7503780902123 2.165741895444812 0.5929999999999999
569788 149.61525451970164 2.1666799581877143 0.17019999999999885
570016 150.09410753887153 2.167178339507089 0.21265160274371953
570618 149.73890293826176 2.1679671619975087 0.19639999999999883
570638 150.05604477501893 2.166589158053946 0.12019999999999996
571507 149.9987928797325 2.1674171304466845 0.16709999999999883
572084 150.00201738236956 2.170142964197473 0.5090999999999988
572195 149.67327780016785 2.1679845416243464 1.2302999999999986
572623 149.6010088132802 2.168058948859006 0.12490000000000025
572963 150.0038399551183 2.171307248329247 0.2385999999999988
573532 149.91986555152297 2.1715688496879295 0.4915450366740679
573640 149.9889673014775 2.1705337355565875 0.19359999999999883
573673 149.90005539118076 2.171915044613122 0.18619999999999995
574506 150.31756617424256 2.1722972108765046 0.24709999999999993
575417 149.62787498495877 2.175154059684066 0.12430000000000026
576667 149.51954538462005 2.1740794488377664 0.12550000000000025
578846 149.8046828881301 2.1773668528687065 0.07940000000000028
579071 149.85610826882646 2.179284754011739 0.18559999999999993
584108 149.77221771470903 2.1844160002518724 0.10760000000000026
585587 149.47171877804297 2.188973985623675 0.4986999999999988
586187 149.6181791136155 2.1886610236070405 0.16469999999999882
586954 149.7422062305238 2.1903633997152254 0.17469999999999886
588752 149.8503197935263 2.194296185986757 0.13793179281734047
593517 149.73597234658692 2.199143555540433 0.20169999999999882
596700 150.27919927023603 2.2051384407850705 0.12199999999999996
598032 150.1822974605066 2.2080770972729424 0.2447999999999988
599079 150.17340888148644 2.2104246182863596 0.21759999999999882
599254 150.0860475211964 2.2097113721717387 0.2384999999999988
599470 149.84800442275366 2.2068289714052542 0.12330000000000026
600025 150.05279339954197 2.2081852635121106 0.18609999999999885
600714 150.0708539204775 2.2107251539892676 0.18659999999999882
600829 150.21163171189264 2.2090875293075545 0.6019999999999988
600872 150.0729861229875 2.2127861671032885 0.5598999999999987
601199 150.04103858814108 2.2113118647817087 0.2623999999999988
601461 149.94638953340217 2.213294748771707 0.22109104554491354
602772 150.22699148727656 2.214823709724573 0.42459999999999876
603520 149.98029448838182 2.2173325088027944 0.22309999999999883
603898 150.11186043273761 2.2172846548747667 0.3727999999999999
604402 150.15631000633397 2.2148324149197154 0.11620000000000026
604439 150.14112089023843 2.217075928495214 0.2195999999999988
604748 149.65640191165122 2.2182971297644434 0.16779999999999884
604780 149.9848550412635 2.217329843871608 0.13809999999999886
605197 150.29360267431582 2.21867580677464 0.42769999999999875
605272 149.759267998479 2.2175354255922164 0.12490000000000025
605783 150.28220476239864 2.218925459299953 0.18739999999999993
606017 149.65337641958314 2.2158154023638406 0.13279999999999995
606449 149.88278620270555 2.221349044800963 0.38339999999999874
607549 149.6410030680287 2.222678436557024 0.10800000000000026
607613 149.9515070709882 2.2222705456162326 0.5284999999999987
609116 149.9946717378119 2.2230119607476606 0.16609999999999883
609273 150.10734640624068 2.2248044303014223 0.3467999999999988
609483 149.55098440382824 2.223111395184062 0.20209999999999884
609726 149.51129027211903 2.2259682392123303 0.39959999999999873
610378 150.02901736290656 2.2240833057574485 0.21679999999999994
611348 150.14437583576262 2.2288389054104725 0.2471999999999988
612789 149.96701991743882 2.2290358248346105 0.3790999999999999
612849 149.99939973108562 2.228745589810062 0.21919999999999992
613039 150.33476343738997 2.2298178038366387 0.10459999999999997
613829 150.25796261618933 2.232542088796078 0.5756999999999988
614625 149.9650849869151 2.2315031896681465 0.5869999999999987
615414 150.1369875265703 2.23224717288749 0.12280000000000026
616084 150.10170875683738 2.232873359122351 0.18549999999999883
616138 149.50070356621865 2.2347494677598103 0.22639999999999882
617849 149.5377547062711 2.237505597301726 0.2814999999999988
618577 150.04492300237948 2.2370576397734334 0.18579999999999883
618846 150.06443644469925 2.2366689874859422 0.20779999999999993
618880 149.9755687592421 2.237174861734389 0.2179999999999988
619011 149.7449760914462 2.2393975594248463 0.13030000000000025
619098 149.93762540716673 2.239330429965675 0.12320000000000025
620182 149.9281747490366 2.2414073828318166 0.3484999999999988
620730 149.5689411196042 2.2376793274197815 0.11560000000000027
620910 149.7910243856793 2.240445105710492 0.2207999999999988
620912 149.54318161816786 2.2431223495178036 0.31919999999999876
621318 150.17585568340323 2.2411701563826245 0.07750000000000028
621365 149.74729774503652 2.2405748813684916 0.13030000000000025
621379 150.22432892098143 2.2418012985851425 0.2477999999999988
622001 150.07894091859828 2.240414960957842 0.12400000000000026
622283 150.14904748560025 2.248477970229251 0.21689999999999882
622769 150.34549132831341 2.243176739875259 0.18549999999999883
623298 149.72440792781052 2.243701218057699 0.12529999999999997
623562 149.82008185877763 2.2421345460291127 0.10740000000000027
625465 149.95666179053245 2.245909633983561 0.07870000000000027
625567 150.19198658735797 2.2478565686145857 0.09310000000000027
626624 149.87789476092584 2.2514950931696527 0.2192999999999988
626747 149.58743996841997 2.2512906381971733 1.0314999999999985
627435 149.92549711838964 2.249732904836023 0.41509999999999875
627473 150.01532540872628 2.2486384826948735 0.12349999999999996
627637 149.76789474589265 2.254775991715372 0.02149999999999993
628209 149.51407990944105 2.2527891034727494 0.12480000000000026
628636 149.99257357108584 2.252478775871926 0.3452999999999988
630893 150.17879805865758 2.2563901916127755 0.2171999999999988
630929 149.8715124429858 2.257305053547169 0.8738999999999987
631380 149.71512234882468 2.2550103021493535 0.12970000000000023
632140 150.25421572185763 2.2558999992240136 0.12319999999999996
632245 149.5542329336577 2.2596158073392374 0.20319999999999883
632655 149.53572333972684 2.26102377887804 0.4893999999999988
634093 150.16951213274297 2.2606179428517836 0.12370000000000027
634329 149.96268462956135 2.2626753267488353 0.22029999999999883
635088 149.95995816940223 2.2633546985030217 0.12240000000000027
635139 149.7211289784446 2.2604591540508348 0.18799999999999883
635206 150.03578230705355 2.2616358065902133 0.09289999999999998
635823 150.26062448193133 2.2646801306228217 0.16559999999999883
637986 150.33199439512686 2.2661366975627644 0.12979999999999994
638792 149.97784561010448 2.26759172440024 0.2177999999999988
640041 149.75318572378208 2.270345917701349 0.12559999999999996
640822 150.02351044538406 2.2688083844076057 0.23629999999999993
641184 149.5166993440784 2.2715280221669945 0.2000999999999988
641810 149.79403829309723 2.273442483274619 0.21759999999999882
642830 150.03915240572894 2.274279505256531 0.2189999999999988
644203 150.20421437637668 2.2745088626246193 0.21829999999999883
644401 149.61337622349114 2.277823673760246 0.22009999999999882
644588 149.6369358611866 2.2747039923526744 0.10110000000000027
644864 150.02044265369338 2.279205804811397 0.6132999999999987
644873 150.34896662652457 2.2768809936397676 0.47369999999999873
645848 149.52976627951753 2.27841048381299 0.09050000000000027
646134 149.79627679006242 2.2771740493225687 0.2507999999999988
646487 150.2750148943456 2.281825208160679 0.2567999999999988
646651 149.94358430422974 2.281242670926809 0.47969999999999874
647087 149.66069064645282 2.2978095892996184 0.12409999999999997
647235 149.66763329882548 2.28239966965208 0.2467999999999988
647667 150.01848797969515 2.2806710821068674 0.2186999999999988
647689 149.88622377162562 2.280438450306911 0.09070000000000027
648319 150.16305456627575 2.283337059892956 0.1952999999999988
648467 150.34246414590487 2.2830944170113643 0.06199999999999998
649019 149.9057396108916 2.2842011784931557 0.21999999999999884
649414 149.55941278202963 2.282336172214242 0.09900000000000027
649449 150.0260780354667 2.28497775127816 0.12390000000000027
649474 149.922901063053 2.282460302864946 0.13330000000000025
649513 149.467473137812 2.2855204426689637 0.16469999999999882
650282 149.91627095795522 2.283906279981539 0.13310000000000022
650802 150.06092731507144 2.28359116317611 0.21679999999999994
651224 149.72839333981312 2.2883098609853456 0.12440000000000026
651422 150.16077598640126 2.2883622483115724 0.5322999999999987
653193 150.28582998695484 2.2898525675023285 0.10990000000000026
653719 149.6456484614358 2.2884616605757637 0.12400000000000026
653748 150.31343704080234 2.306448339339177 0.028799999999999926
654524 150.23187286299063 2.2939289618620236 0.19459999999999883
654773 150.337922177155 2.2939564842645472 0.3693999999999988
655176 150.2958805229794 2.2913020999713556 0.12230000000000027
655181 149.78856636125875 2.2942816316602896 0.23919999999999883
655464 150.1469776460079 2.294154776079022 0.18679999999999994
657232 149.4753771971949 2.2947572198805215 0.41059999999999874
657845 149.67308112898456 2.2974905224022053 0.12300000000000026
658864 149.59863812216034 2.300604031634855 0.2831999999999988
659855 150.07604015617662 2.304819273949151 0.12319999999999996
664002 149.60702102074865 2.3046000943510054 0.09109999999999997
665456 149.932165339216 2.3068525061176257 0.07990000000000026
667080 150.03387574347911 2.312562022555325 0.22309999999999994
668791 150.31655680142137 2.314991717086732 0.19469999999999882
669437 149.50272009037567 2.3158383640289917 0.16499999999999881
669457 149.82544061345658 2.3110808172041546 0.09060000000000028
670260 149.9133440687946 2.31601451885528 0.08860000000000026
670263 149.57139353788736 2.313004268381142 0.12289999999999997
670434 150.11953272154904 2.3158520087813734 0.10620000000000027
671262 149.57330208537428 2.316100345494594 0.12240000000000026
673945 150.2198017051337 2.318481535355527 0.12300000000000026
674009 149.76421359371716 2.321924425918737 0.4997999999999987
674049 150.2091789306924 2.3229878609245778 0.3728999999999988
674974 149.73145488967322 2.322499679402218 0.48369999999999874
675004 149.83114467304787 2.323226190171513 0.2177999999999988
675204 149.845528120081 2.3230592256697595 0.06930000000000028
675845 149.4730818345872 2.3248076022955635 0.24509999999999882
676085 150.24894355615928 2.324772131778602 0.12210000000000025
676106 149.66523726622907 2.3232009807940597 0.12390000000000027
677717 149.55631212747107 2.3270730832039965 -1.0
679381 150.16623414239297 2.3313519514316283 0.16554467836705133
680125 149.73830072147695 2.328842759011964 0.12400000000000026
681580 149.85878404279802 2.330292618429093 0.12340000000000025
681776 149.73429726264925 2.3331275475463555 0.16559999999999886
682041 149.5901046239516 2.333348701128291 0.13789999999999883
682085 149.54703489772513 2.3336710495622057 0.12520000000000026
682467 149.54073284674973 2.333679744869958 0.12460000000000025
683511 149.5926431020311 2.335723059380652 0.13809999999999886
683979 149.85644254492425 2.3354394553037343 0.2201999999999988
684174 150.11436419322686 2.3370440623747704 0.21819999999999884
684490 149.7111433569828 2.3336123148806247 0.17399999999999882
685902 149.64741935481007 2.3397626062596584 0.14699999999999883
686087 149.75048058526988 2.3374991872049065 0.3444999999999988
686255 149.6260167030764 2.3371129768482386 0.12450000000000026
686757 150.30640142291327 2.3380242824712227 0.16959999999999884
687562 149.8337724044613 2.34129631043471 0.2809999999999988
689001 149.56107824727897 2.3422895184312704 0.12430000000000026
691731 149.75680991666397 2.3475871545656792 0.3226999999999999
691940 150.15608646339817 2.347289550149495 0.11970000000000026
693578 149.67501246705652 2.3488168047323628 0.21829999999999883
693596 149.6433605154494 2.346438165691575 0.20199999999999885
693696 150.19654878748216 2.350061273361738 0.5983999999999998
694189 149.9483008434776 2.3521697878252197 0.16739999999999883
694657 149.6576313611724 2.3511520619196746 0.3408999999999988
695250 149.7846914808844 2.353664446537992 0.31406230907950294
695399 149.78690277856742 2.353716453080632 0.5001999999999988
696596 150.03038709865876 2.3555869793773865 0.22139999999999882
697007 149.93492616523528 2.3558533038266853 0.08890000000000027
697156 150.21776579284628 2.3563570655927486 0.16469999999999882
697803 150.07197389118448 2.3538057236969876 0.21989999999999882
699443 149.86420430635633 2.3584007274301286 0.13309999999999994
699526 149.50520993693692 2.3561574938464953 0.4967999999999987
701724 149.98250082889396 2.3631964569905803 0.13264744824835395
704579 150.23547344281687 2.3634534605971864 0.09180000000000027
705474 149.6887297758208 2.364492620219874 0.13260000000000025
705751 150.09328430038298 2.3670181331299966 0.20179999999999992
706524 150.0283662853908 2.36874531752044 0.2171999999999988
708431 150.279184754929 2.37284495534773 0.12199999999999996
708483 150.3292247124128 2.3695886765591125 0.17069999999999882
709006 149.80723061794325 2.3730447130177965 0.18649999999999994
709477 149.82828192761733 2.3748391389525527 0.21909999999999882
713070 149.49498952984965 2.3803851398329083 0.43569999999999875
713707 149.68217432147432 2.377580753085239 0.21969999999999884
714325 150.25762831709017 2.381154394875612 0.3823999999999999
715368 150.09012110476908 2.3830413915823763 0.22159999999999883
716354 150.34542418125218 2.3848859623646015 0.22089999999999882
717339 149.60330576556353 2.383942588279799 0.12310000000000025
718075 149.62099881688297 2.3857635577926866 0.12430000000000026
718133 149.96617212741825 2.386630112728596 0.3085999999999988
719629 149.8929989372655 2.390379887086592 0.2401999999999988
720872 149.5492928847729 2.390765739045907 0.12550000000000025
721236 149.53199859403674 2.392268497882502 0.4798999999999999
722040 149.5224554380534 2.393308932086747 0.44189999999999874
722788 149.50784647792614 2.394302651322058 0.5015999999999987
723209 149.62791737098038 2.393183978650554 0.12450000000000026
724188 149.8959966406811 2.3956723781048233 0.12490000000000025
724478 150.22438088919813 2.3943019090109554 0.3009999999999988
724880 149.61019897490326 2.3950973718494564 0.12469999999999996
725252 150.26069961864 2.3986625566076984 0.37859999999999877
725546 149.9392757469432 2.3975973289337973 0.13270000000000023
727624 149.5115879256554 2.4017152102319423 0.09199999999999998
727983 150.18524426414174 2.4015025215774877 0.1667999999999988
728935 149.65533336558724 2.4017968719933003 0.21999999999999884
729308 149.95505133570418 2.4049077835977424 0.22089999999999882
730318 149.52435509406556 2.4068039352048247 0.49629999999999874
730700 149.88425523998785 2.4067518528149674 0.4059999999999988
730836 149.94175787168768 2.4074283814325583 0.21459999999999882
731241 150.17313000761249 2.40419737562718 0.04410000000000027
733187 149.5624642634423 2.411902546034843 0.5518999999999987
733610 150.17116067098175 2.41299239182958 0.04720000000000026
733745 149.52979617649424 2.412438890290634 0.6099999999999988
733754 150.09536215328157 2.4106788068467515 0.2486999999999988
735935 149.63167470664976 2.4144899214807047 0.09010000000000026
735962 149.66775711641972 2.416240878777408 0.2201999999999988
736074 150.08565453628637 2.4131447133796917 0.2207999999999988
737772 149.87602242999648 2.4181680100674776 0.4257999999999988
737805 150.3046745117862 2.418426784845848 0.5328999999999987
737847 149.99302883583022 2.4182382784538223 0.24959999999999882
738615 149.791836700431 2.415891195689071 0.17329999999999995
738799 149.6132239853117 2.419765246112303 0.3052999999999988
739778 149.60086320755076 2.4192787944506446 0.18759999999999885
739992 149.90559700388928 2.4214869247551962 0.22509999999999883
740073 150.1522375067918 2.4222177190842995 0.22149999999999884
740455 150.02451790520595 2.421082092830945 0.22149999999999884
740818 149.90052741904327 2.4230895028932538 0.36209999999999876
741093 149.98666720690213 2.422508692807915 0.6255999999999987
741104 149.8049084907694 2.4230579885597683 0.2396999999999988
742140 150.06777793906983 2.4244335684454863 0.08310000000000027
742583 149.55790309045025 2.4216638296899498 0.09170000000000027
744960 149.9196248535857 2.426173847743229 0.13039999999999996
746603 149.96913852905575 2.427835140771908 0.10909999999999997
747995 150.3498986049509 2.4340953472053686 0.5162999999999988
748082 150.2468732357263 2.432956158051448 0.12460000000000025
748384 150.13073869879395 2.4313962841081542 0.08090000000000028
749668 149.92597954684985 2.4334596867540292 0.22509999999999883
750868 150.03843987652442 2.437119291575365 0.34149999999999875
751647 150.12880776007717 2.437293178084458 0.2219999999999988
752127 150.13770887483062 2.4400188433387195 0.3122999999999988
754057 150.31287944619024 2.4437960129281207 0.11140000000000026
754366 150.03500098870703 2.4436543793999554 0.21879999999999883
754615 150.141975245823 2.4427098996504775 0.10600000000000027
754912 150.11694614168323 2.44137324812691 0.2189999999999988
754918 150.1059509000777 2.4434301132555634 0.22219999999999882
758562 150.25480898297857 2.4489556841524016 0.19429999999999883
759327 150.27597839833078 2.447751272022881 0.22089999999999882
759895 150.33716016162953 2.4499260505523526 0.21699999999999883
760193 150.26646553437496 2.45309237628007 0.20809999999999992
760608 150.33456873389753 2.4540548623894387 0.12300000000000026
760693 150.21280771676027 2.4514714146503067 0.21709999999999882
762609 150.27418079227238 2.4558525018909365 0.3486999999999988
762848 150.01436840597455 2.455602931534163 0.08160000000000027
764098 150.06159471112895 2.4574470898948726 0.2126999999999988
765176 150.20021085417343 2.457310360680942 0.19009999999999994
765466 150.10854282994916 2.4605583178778287 0.7276538465999165
765925 150.21473074365653 2.4580421262279617 0.18949999999999995
767692 150.05527590633767 2.4605426736359957 0.08320000000000027
767895 150.22101136316078 2.4618697447106537 0.10376929577162608
768924 149.99804530932448 2.464592819416523 0.22469999999999882
769358 150.27046933121844 2.463182879647109 0.12310000000000025
769557 149.95689924190876 2.464712727283145 0.13260000000000025
769987 150.06567226241683 2.46803478241874 0.16469999999999882
771149 149.9128691614829 2.467720553155136 0.2500999999999988
771154 150.3324641656932 2.4656735205085076 0.12300000000000026
771926 150.2499242372016 2.470699298731255 0.3771999999999988
772004 149.9147850357718 2.4681167868534497 0.2192999999999988
772288 150.0430204041782 2.4693995707790832 0.10930000000000027
774749 150.01720158229077 2.4752838021223043 0.2126999999999988
776624 150.01914113604937 2.477222865250254 0.6297999999999987
777528 150.11068070430494 2.4771883862461364 0.2486999999999988
778007 149.9840896356941 2.4788721055729432 0.10900000000000026
779946 150.1811737779831 2.4826644798890602 0.12320000000000025
779956 150.05801146676126 2.4814513663802225 0.10890000000000026
780119 150.29670537524018 2.4825761002306113 0.12229999999999998
781350 150.19503039626792 2.4845729876571476 0.5156999999999987
781423 150.06368682046863 2.4854894659585933 0.2496999999999988
782899 150.05082665186876 2.486103665747259 0.22291806612619824
782960 149.9308267384096 2.4850483035653523 0.21839999999999882
783132 149.94415708010123 2.4856623125648505 0.21879999999999883
784038 149.92116159202763 2.4890832162376415 0.2497999999999988
784501 150.3269042347387 2.4890402087211223 0.12209418735360042
785728 150.20755389982315 2.4888255841747324 0.11230000000000026
785976 150.1326911043109 2.4930791926517464 0.5977999999999987
786329 150.1397409102822 2.492626474807735 0.22179999999999883
786905 150.318132369234 2.494218519763471 0.19119999999999884
786946 149.97931376434346 2.4930557738272787 0.1667999999999988
788346 149.9999486222247 2.496417348345486 0.43889999999999874
788362 150.3117244970894 2.496520274786531 0.21609999999999882
789120 150.19707335155402 2.497376979150494 0.37229999999999874
789929 150.23426347215118 2.4976548453056258 0.3724999999999988
790421 150.3160394800277 2.4993772515459054 0.08120000000000027
790606 150.1444917890185 2.5000649490165334 0.14456628851308917
797855 150.21696745267408 2.5110757749160673 0.21979999999999883
798791 149.94883674020883 2.508883328972152 0.10890000000000026
800879 150.1790929491645 2.515863279452645 0.12850000000000025
801731 149.99452923325768 2.514972089746367 0.12430000000000026
802350 150.14710145793615 2.516601280740379 0.5984999999999987
802455 150.16207087237697 2.5172632920740514 0.2471999999999988
802741 150.19289606789067 2.51903226265838 0.2594999999999988
803991 149.96268872605265 2.5196916851064532 0.44039999999999874
805118 149.95968732804465 2.5197566864254117 0.22449999999999884
805370 150.2363958753512 2.5226934171250295 0.3759999999999988
806178 150.11453577578698 2.523559145895233 0.6089999999999987
806594 150.21920994662736 2.5223355748148695 0.2186999999999988
809914 150.15584923262995 2.5265331870339436 0.16609999999999883
